0.15620292049594048 0.05025637488618832
0.04084677521413101 0.03537534778048326
0.03258735944406789 0.027672156942460936
0.024195833695802728 0.020542419252254737
0.01799502995509277 0.015501807614400223
0.014562842269416709 0.013250943562171711
0.012540420758295031 0.01149962463462905
0.011160510312579619 0.01050146319873468
0.010406047060369256 0.010010280517732596
0.009993144133847432 0.009658277523793769
0.009723563946202031 0.009510078546137628
0.009412239628430496 0.009243573122452074
0.009186297445493263 0.009026061309599815
0.009005547618891857 0.00897385755610576
0.009151799272144729 0.008686457440602273
0.008659883621896096 0.008481199517110958
0.008447320462277483 0.008473985868013503
0.008262646163387974 0.00807563618827549
0.008042895468684991 0.007809025633613511
0.007749416204176028 0.007943737257075433
0.0075053474706712805 0.007294414384575846
0.007267318698515831 0.007555603493182432
0.007385401440579838 0.006917928729657003
0.006622559289751883 0.0065313485001163105
0.006433254275674741 0.006195489162158066
0.006260075219480171 0.006025653597165629
0.006941309105157537 0.005848509791106983
0.006317086117250718 0.00559338812042285
0.00565336967101031 0.005447306406353802
0.005405421289838687 0.005412260802995681
0.005266355609948114 0.005384066614795018
0.00521246178387275 0.00531305009275451
0.0052183634667437254 0.00518889493416437
0.005172446675211032 0.005349234881215932
0.005081510219849871 0.00515301376665095
0.005087091079228035 0.005144623546501128
0.0049781906149878345 0.005111391691060306
0.005034467306347923 0.004952928119873231
0.004919782289130486 0.004956993115973966
0.0048911984709092615 0.0049485012630007905
0.004943023109965886 0.00537511584453256
0.004890817601596909 0.004882292864953676
0.005082435275309139 0.005132661200860049
0.0049115673287143365 0.005451250711878652
0.0050423403147960184 0.005035314501787794
0.00484819022788094 0.004950766561929247
0.004797575964300507 0.004903764084599999
0.004740400550829754 0.004779319944126266
0.004675949929334167 0.00484554665878332
0.004647516665161677 0.0047712709098664385
0.004683912720394923 0.0051724458595155285
0.0050829426295114725 0.004726286809723657
0.00480900428241123 0.004684797974790001
0.004600868723870543 0.0046962751994562325
0.004875469639548371 0.005076049910143101
0.004605122154902157 0.004717511148082116
0.004564797187315256 0.004687113879174186
0.00454405300800021 0.004740470176716889
0.005413209464776781 0.00587589812078659
0.0053445185128381 0.0048168694567700815
0.004563328274029658 0.0046339639193242145
0.004586497378510504 0.004668921968771416
0.004626812149922807 0.004589429790020654
0.004622685150666398 0.004592090718454555
0.004491642223141237 0.004981467832344916
0.0045003773783073775 0.004591090520560191
0.004604262772175112 0.004752629257959135
0.004611747733849148 0.004721930673835756
0.004464272073822606 0.0045953776610672395
0.0044763534898137215 0.004706594565921635
0.004468455346583007 0.004516991671591882
0.004579344395887492 0.0045095881907064
0.0044721539200748 0.004808633297191176
0.004618864084561481 0.004833774710476002
0.004580489386669148 0.004600938860844807
0.004383766850500389 0.004639850059385938
0.00440689512997854 0.004660243087367073
0.0044336672605072205 0.004488227621650988
0.00448538029126292 0.0044860477243234085
0.004346767576644545 0.004658492856967838
0.004756213016535342 0.004746077120174657
0.004477343279811857 0.004449201224780119
0.004388363253158185 0.0046114221046243626
0.004370794432416556 0.004424379361715089
0.0044911699476143175 0.004531480101664746
0.004375691625350044 0.0044978746000864335
0.004369623793930295 0.004473571775457931
0.004480505638996293 0.004690489193751405
0.0045046203711994635 0.004715408503782309
0.0044161161842314256 0.004464659861243817
0.00435243092229417 0.004399343952496629
0.004309390850095211 0.004427900851485633
0.004349502786017602 0.004441946067702279
0.0042363943058795935 0.004400144517741352
0.004220443596092395 0.004454533493203035
0.004344236635683084 0.004381434615191627
0.004449303682680071 0.0044654673526757956
0.004320090410110664 0.004402439958799082
0.004251454158780858 0.004661141972268077
0.00430305221785997 0.004363517659500158
0.004193377666318261 0.004479711596242338
0.004249851755084329 0.004483165800154325
0.004352742960979935 0.004423035261573223
0.004333544163081441 0.004528812696923135
0.004246678589734801 0.004443071038050298
0.004325964794480963 0.0044673218702276545
0.004390157993984094 0.004413665179602709
0.004269759917036235 0.004352676876749106
0.0042273592206231395 0.004433494890672053
0.004381232291741033 0.004454380552536528
0.004439140592207572 0.005119506208364325
0.004664273994884102 0.0043881917819828245
0.004295267332736304 0.00437509898593348
0.004468511407221218 0.004335495338270602
0.004404914681695364 0.004410940749832025
0.004184739016941584 0.00436101457486045
0.00430047397477216 0.004584529935947652
0.0043520555981942785 0.005118224079828951
0.004337824796005415 0.004678702438174272
0.00421965545079865 0.0043414532241312824
0.004240506664764821 0.004343954971917565
0.004360181377608479 0.004378090805367294
0.004246191308989675 0.004378498115759392
0.004203827837579056 0.004545614064212829
0.004221161590627835 0.004328046695232161
0.004185665639270658 0.004357191576198517
0.004176568600129584 0.004343416974114687
0.00419270948220438 0.004376592501719869
0.00434982456781311 0.0046654503637903215
0.004279209606090305 0.0043436505704725036
0.004191735859303462 0.0044024638002175005
0.004204649181298028 0.004314802730066845
0.004184129998962548 0.00457408924434048
0.004287024866727507 0.004390211132443332
0.0042451605252801375 0.004644711340882655
0.004149447629396771 0.004482096215631734
0.004140292887522263 0.0043744344722938255
0.0042121875561121885 0.004482627443566515
0.004189713146193019 0.004389448184879591
0.004284844981433136 0.00436101992427184
0.004131246777370157 0.004556145448100217
0.004372680328855467 0.004457442522215158
0.004255176166697536 0.00475604724856545
0.004298093571934631 0.004824752079147936
0.004246074958683415 0.004461821053794004
0.004133701014780102 0.004310748374256605
0.004120860295486874 0.004422608104741008
0.004101884769402627 0.004327607354495222
0.004146745443104902 0.00434968782371491
0.004075535633949817 0.004364104212530626
0.004149999814844965 0.0045688431799900805
0.004206388412432454 0.004573887757236215
0.004126961186054058 0.004313646935978094
0.004317980772594945 0.004430864995136914
0.004169001246245291 0.004440139405787349
0.0041067755767158496 0.004305983194581931
0.004332216218088557 0.00462530043430815
0.0043080812833174295 0.004611318202825932
0.004183123871092973 0.004407415771796973
0.004091662847911733 0.004298092163931411
0.004102121695053083 0.004284377655526603
0.00407292329323136 0.004281265967965433
0.004287199010692676 0.004404696361219701
0.0042678550317174924 0.004312166332453809
0.004289628018397274 0.004385303855357841
0.004094628591642843 0.004349948385676847
0.004192302784256859 0.004317782715191495
0.004174520847046876 0.004905316528014388
0.0043551472970910065 0.004719501448549883
0.004147222061687726 0.004256397636758315
0.004063168942537643 0.004335126718118665
0.004168641786393151 0.0043308029202197
0.004145414670191721 0.004308396587184267
0.004308868232699323 0.004387169269903222
0.004146212902214518 0.004367452143986738
0.00411777456534023 0.004357658168009324
0.004122869102993009 0.0042686613567464345
0.004226887349252246 0.0043338519596570245
0.00418797762690699 0.004291754435102209
0.004126646439906054 0.00436021430827022
0.004112048424959394 0.00439124441646113
0.004125638861499054 0.004288415824263291
0.004226524956218804 0.004335784184511116
0.004223124805911672 0.004244302483758973
0.004073200157575185 0.004349793137479869
0.004130081688933729 0.004595619204830888
0.004132620480265336 0.004359678592427395
0.004091155769728573 0.004420255956486513
0.004083977439275225 0.004367937448149661
0.0040557172842876354 0.004291236413589226
0.004053540692601604 0.004344467009553156
0.004069975978893039 0.0043373980171057935
0.004131233026262097 0.004749466437552362
0.004158487560565744 0.004270142473477003
0.0040583817712255945 0.004624423552352451
0.004070473193963238 0.004253307504660132
0.00401493161634196 0.004322794579682254
0.004093078355404234 0.004558887076374352
0.0040894246359057225 0.004290181095462176
0.0041050142638548994 0.00448553519225981
